================================Full Model review Comparison=============================
track---y_test shape-----: (162, 3)
=============================
['Age' 'Height' 'Weight' 'BMI' 'SBP' 'DBP' 'Heart Rate' 'FBG' 'HbA1c'
 'ALT' 'AST' 'ALP' 'GGT' 'UA' 'TC' 'TG' 'HDL-C' 'LDL-C' 'Ca' 'P' 'FT3'
 'FT4' 'VD3' 'N-MID' 'PINP' 'β-CTX' 'Gender' 'Macrovascular Complications'
 'History of Hypertension' 'Nephropathy' 'Retinopathy' 'Neuropathy'
 'History of Smoking' 'History of Drinking']
track --- feature length :  34
track --- model :  <class 'sklearn.ensemble._forest.RandomForestClassifier'>
track --- calibration model :  <class 'sklearn.calibration.CalibratedClassifierCV'>
================================
track --- mean_acc :  0.8827160493827161
track --- acc :  0.8827  calibration :  0.9012
track ---1- mean_acc :  0.1173  calibration :  0.0988
track --- precision:  0.8863  calibration :  0.9092
track --- recall:  0.8829  calibration :  0.9015
track --- fscore:  0.8832  calibration :  0.9035
track --- 1- fscore:  0.1168  calibration :  0.0965
==============original================
track --- auroc: 
[[0, 0.9166516163987719], [1, 0.9166114058355438], [2, 0.903143585386576], ['micro', 0.9120370370370369]]
track --- conf_ma : 
[[43  0  6]
 [ 3 50  5]
 [ 2  3 50]]
track --- conf_ma_scaled : 
[[0.87755102 0.         0.12244898]
 [0.05172414 0.86206897 0.0862069 ]
 [0.03636364 0.05454545 0.90909091]]
==============after calibration================
track --- auroc : 
[[0, 0.9445548130756728], [1, 0.9204244031830239], [2, 0.9122344944774852], ['micro', 0.9259259259259259]]
track --- conf_ma : 
[[44  0  5]
 [ 1 51  6]
 [ 0  4 51]]
track --- conf_ma_scaled : 
[[0.89795918 0.         0.10204082]
 [0.01724138 0.87931034 0.10344828]
 [0.         0.07272727 0.92727273]]
======================================
===============================Multinomial Logistic regression=============================
track---y_test shape-----: (162, 3)
=============================
['Age' 'Height' 'Weight' 'BMI' 'SBP' 'DBP' 'Heart Rate' 'FBG' 'HbA1c'
 'ALT' 'AST' 'ALP' 'GGT' 'UA' 'TC' 'TG' 'HDL-C' 'LDL-C' 'Ca' 'P' 'FT3'
 'FT4' 'VD3' 'N-MID' 'PINP' 'β-CTX' 'Gender' 'Macrovascular Complications'
 'History of Hypertension' 'Nephropathy' 'Retinopathy' 'Neuropathy'
 'History of Smoking' 'History of Drinking']
track --- feature length :  34
track --- model :  <class 'sklearn.linear_model._logistic.LogisticRegression'>
track --- calibration model :  <class 'sklearn.calibration.CalibratedClassifierCV'>
================================
track --- mean_acc :  0.8765432098765432
track --- acc :  0.8765  calibration :  0.8704
track ---1- mean_acc :  0.1235  calibration :  0.1296
track --- precision:  0.8761  calibration :  0.8725
track --- recall:  0.877  calibration :  0.8715
track --- fscore:  0.8765  calibration :  0.8716
track --- 1- fscore:  0.1235  calibration :  0.1284
==============original================
track --- auroc: 
[[0, 0.9224309192703631], [1, 0.9194297082228117], [2, 0.8807986406117247], ['micro', 0.9074074074074073]]
track --- conf_ma : 
[[44  1  4]
 [ 2 52  4]
 [ 4  5 46]]
track --- conf_ma_scaled : 
[[0.89795918 0.02040816 0.08163265]
 [0.03448276 0.89655172 0.06896552]
 [0.07272727 0.09090909 0.83636364]]
==============after calibration================
track --- auroc : 
[[0, 0.9268556980314251], [1, 0.9069960212201591], [2, 0.8758708581138487], ['micro', 0.9027777777777777]]
track --- conf_ma : 
[[44  0  5]
 [ 2 50  6]
 [ 3  5 47]]
track --- conf_ma_scaled : 
[[0.89795918 0.         0.10204082]
 [0.03448276 0.86206897 0.10344828]
 [0.05454545 0.09090909 0.85454545]]
======================================
===============================KNN=============================
track---y_test shape-----: (162, 3)
=============================
['Age' 'Height' 'Weight' 'BMI' 'SBP' 'DBP' 'Heart Rate' 'FBG' 'HbA1c'
 'ALT' 'AST' 'ALP' 'GGT' 'UA' 'TC' 'TG' 'HDL-C' 'LDL-C' 'Ca' 'P' 'FT3'
 'FT4' 'VD3' 'N-MID' 'PINP' 'β-CTX' 'Gender' 'Macrovascular Complications'
 'History of Hypertension' 'Nephropathy' 'Retinopathy' 'Neuropathy'
 'History of Smoking' 'History of Drinking']
track --- feature length :  34
track --- model :  <class 'sklearn.neighbors._classification.KNeighborsClassifier'>
track --- calibration model :  <class 'sklearn.calibration.CalibratedClassifierCV'>
================================
track --- mean_acc :  0.8148148148148148
track --- acc :  0.8148  calibration :  0.858
track ---1- mean_acc :  0.1852  calibration :  0.142
track --- precision:  0.8227  calibration :  0.8607
track --- recall:  0.8174  calibration :  0.8601
track --- fscore:  0.8153  calibration :  0.8595
track --- 1- fscore:  0.1847  calibration :  0.1405
==============original================
track --- auroc: 
[[0, 0.9370597796640779], [1, 0.857924403183024], [2, 0.7898895497026338], ['micro', 0.8611111111111112]]
track --- conf_ma : 
[[45  0  4]
 [ 3 51  4]
 [ 2 17 36]]
track --- conf_ma_scaled : 
[[0.91836735 0.         0.08163265]
 [0.05172414 0.87931034 0.06896552]
 [0.03636364 0.30909091 0.65454545]]
==============after calibration================
track --- auroc : 
[[0, 0.932635000903016], [1, 0.8781498673740054], [2, 0.8719626168224299], ['micro', 0.8935185185185185]]
track --- conf_ma : 
[[45  2  2]
 [ 4 50  4]
 [ 2  9 44]]
track --- conf_ma_scaled : 
[[0.91836735 0.04081633 0.04081633]
 [0.06896552 0.86206897 0.06896552]
 [0.03636364 0.16363636 0.8       ]]
======================================
===============================SVM (one vs all)=============================
track---y_test shape-----: (162, 3)
=============================
['Age' 'Height' 'Weight' 'BMI' 'SBP' 'DBP' 'Heart Rate' 'FBG' 'HbA1c'
 'ALT' 'AST' 'ALP' 'GGT' 'UA' 'TC' 'TG' 'HDL-C' 'LDL-C' 'Ca' 'P' 'FT3'
 'FT4' 'VD3' 'N-MID' 'PINP' 'β-CTX' 'Gender' 'Macrovascular Complications'
 'History of Hypertension' 'Nephropathy' 'Retinopathy' 'Neuropathy'
 'History of Smoking' 'History of Drinking']
track --- feature length :  34
track --- model :  <class 'sklearn.multiclass.OneVsRestClassifier'>
track --- calibration model :  <class 'sklearn.calibration.CalibratedClassifierCV'>
================================
track --- mean_acc :  0.845679012345679
track --- acc :  0.8457  calibration :  0.8889
track ---1- mean_acc :  0.1543  calibration :  0.1111
track --- precision:  0.845  calibration :  0.8916
track --- recall:  0.8473  calibration :  0.8904
track --- fscore:  0.8457  calibration :  0.8903
track --- 1- fscore:  0.1543  calibration :  0.1097
==============original================
track --- auroc: 
[[0, 0.9135813617482392], [1, 0.8925729442970822], [2, 0.8488530161427358], ['micro', 0.8842592592592593]]
track --- conf_ma : 
[[44  0  5]
 [ 4 50  4]
 [ 4  8 43]]
track --- conf_ma_scaled : 
[[0.89795918 0.         0.10204082]
 [0.06896552 0.86206897 0.06896552]
 [0.07272727 0.14545455 0.78181818]]
==============after calibration================
track --- auroc : 
[[0, 0.9414845584251399], [1, 0.9118037135278515], [2, 0.8987255734919286], ['micro', 0.9166666666666666]]
track --- conf_ma : 
[[45  0  4]
 [ 2 50  6]
 [ 2  4 49]]
track --- conf_ma_scaled : 
[[0.91836735 0.         0.08163265]
 [0.03448276 0.86206897 0.10344828]
 [0.03636364 0.07272727 0.89090909]]
======================================
===============================DT=============================
track---y_test shape-----: (162, 3)
=============================
['Age' 'Height' 'Weight' 'BMI' 'SBP' 'DBP' 'Heart Rate' 'FBG' 'HbA1c'
 'ALT' 'AST' 'ALP' 'GGT' 'UA' 'TC' 'TG' 'HDL-C' 'LDL-C' 'Ca' 'P' 'FT3'
 'FT4' 'VD3' 'N-MID' 'PINP' 'β-CTX' 'Gender' 'Macrovascular Complications'
 'History of Hypertension' 'Nephropathy' 'Retinopathy' 'Neuropathy'
 'History of Smoking' 'History of Drinking']
track --- feature length :  34
track --- model :  <class 'sklearn.tree._classes.DecisionTreeClassifier'>
track --- calibration model :  <class 'sklearn.calibration.CalibratedClassifierCV'>
================================
track --- mean_acc :  0.8148148148148148
track --- acc :  0.8148  calibration :  0.8642
track ---1- mean_acc :  0.1852  calibration :  0.1358
track --- precision:  0.8192  calibration :  0.865
track --- recall:  0.8179  calibration :  0.8647
track --- fscore:  0.8173  calibration :  0.8647
track --- 1- fscore:  0.1827  calibration :  0.1353
==============original================
track --- auroc: 
[[0, 0.9180061405093011], [1, 0.8330570291777188], [2, 0.8353440951571793], ['micro', 0.8611111111111112]]
track --- conf_ma : 
[[44  3  2]
 [ 5 47  6]
 [ 2 12 41]]
track --- conf_ma_scaled : 
[[0.89795918 0.06122449 0.04081633]
 [0.0862069  0.81034483 0.10344828]
 [0.03636364 0.21818182 0.74545455]]
==============after calibration================
track --- auroc : 
[[0, 0.91222683763771], [1, 0.9021883289124668], [2, 0.8805437553101104], ['micro', 0.8981481481481481]]
track --- conf_ma : 
[[43  1  5]
 [ 3 50  5]
 [ 3  5 47]]
track --- conf_ma_scaled : 
[[0.87755102 0.02040816 0.10204082]
 [0.05172414 0.86206897 0.0862069 ]
 [0.05454545 0.09090909 0.85454545]]
======================================
==============================END=============================
